0
(20282.0, [5447, 3555, 4558, 5164, 5369, 5346, 5028, 4992, 5129, 4989, 4229, 2078, 4158, 4468, 3906, 5362, 5334, 5130, 5070, 5147, 4149, 5076, 505, 714, 4024, 1589, 3875, 5038, 1824, 4288, 3550, 5085, 4402, 1218, 2660, 3581, 2411, 1504, 2791, 3637, 614])
(18986.0, [5458, 4558, 4229, 4992, 4989, 3555, 4158, 4468, 2078, 1151, 215, 5224, 5125, 5130, 5070, 5147, 4149, 2790, 5076, 505, 5364, 714, 5517, 5444, 1589, 1824, 5038, 3550, 5085, 1218, 2660, 3581, 2411, 1504, 5018, 3637, 614, 2482])
(17922.0, [5458, 5501, 3555, 1151, 4989, 5125, 2078, 4558, 4158, 4992, 177, 4646, 5130, 5070, 5147, 4986, 2790, 5076, 505, 5364, 5517, 1589, 5217, 1824, 5041, 3550, 5085, 5429, 1218, 2660, 3581, 1504, 5018, 3637, 1738, 2482])
(17470.0, [5458, 5501, 1151, 2078, 177, 4989, 4558, 5125, 4992, 4646, 3554, 5130, 5070, 5147, 4986, 2790, 5076, 505, 5364, 3008, 5517, 1589, 5217, 5041, 5085, 5429, 1218, 3543, 2660, 3581, 1504, 5018, 3637, 1738, 2482])
(16645.0, [5501, 5483, 5503, 3554, 2078, 4992, 177, 1151, 2659, 2400, 5105, 5130, 5070, 5147, 5322, 4986, 1523, 2790, 5076, 3587, 3700, 5364, 3008, 5517, 5217, 5041, 5085, 5429, 1218, 3543, 5054, 5018, 3637, 2482])
(16607.0, [5483, 5503, 177, 3554, 2400, 1151, 2078, 4992, 131, 5048, 5327, 4836, 5119, 5130, 5070, 5147, 4986, 1523, 5076, 3587, 5471, 5517, 5410, 2662, 5217, 5041, 5085, 5429, 2478, 3543, 5478, 5054, 5018, 3637])
(16348.0, [5483, 177, 131, 4992, 4836, 5048, 5327, 1151, 2078, 3554, 5119, 5130, 5070, 5147, 4986, 1523, 5076, 2407, 5517, 5410, 2662, 5217, 1767, 5041, 5085, 5429, 2478, 3543, 5478, 1940, 5054, 5018, 3637])
(15772.0, [5483, 1151, 131, 5119, 177, 2078, 5048, 5327, 4836, 3554, 4992, 5039, 5069, 5147, 4986, 1523, 5076, 2407, 5517, 2662, 5410, 5217, 1767, 5085, 5429, 2478, 3543, 5478, 1940, 5054, 5018, 3637])
(15523.0, [5448, 5483, 3554, 4836, 1151, 5327, 5119, 177, 2078, 5069, 4992, 4748, 5074, 2406, 5446, 5050, 5147, 4986, 1523, 5517, 5410, 2662, 5217, 1767, 5085, 5429, 3543, 5478, 1940, 5054, 5018, 3637])
(15517.0, [5448, 5483, 2078, 5069, 5119, 3554, 4992, 2406, 1151, 177, 2810, 5074, 3001, 5384, 5446, 5050, 5147, 4986, 1523, 5517, 2662, 5410, 5217, 1767, 1871, 5085, 5429, 4086, 1940, 5054, 5018, 3637])
(15317.0, [5448, 5520, 5483, 2078, 2810, 177, 4992, 3001, 5074, 1151, 3554, 5119, 5053, 5384, 5446, 5050, 5070, 5147, 4986, 1523, 782, 2662, 5410, 5217, 1767, 1871, 5085, 5429, 4086, 1940, 5018, 3637])
(15209.0, [5448, 5520, 5483, 5460, 5119, 2078, 2810, 177, 3001, 5053, 1151, 5074, 3554, 4992, 5384, 5446, 5050, 5070, 5147, 4986, 1523, 2423, 5410, 5217, 1767, 1871, 5085, 5429, 4086, 1940, 5018, 3637])
(15164.0, [5448, 5483, 5460, 5476, 2810, 2078, 3554, 5074, 5053, 4992, 177, 1151, 2999, 5519, 5384, 5446, 5050, 5070, 5409, 5147, 4986, 1523, 2423, 5113, 5217, 1767, 5085, 5429, 3543, 1940, 5018, 3637])
(15159.0, [5448, 5483, 5460, 5476, 5074, 1151, 3554, 5053, 177, 4992, 2078, 4758, 5519, 5384, 5446, 5050, 5409, 5070, 5147, 4986, 5428, 1523, 2423, 3000, 5113, 5217, 1767, 5085, 3543, 1940, 5018, 3637])
(15093.0, [5448, 5483, 5460, 5476, 4992, 2078, 5053, 177, 1151, 5074, 4758, 5284, 4160, 218, 5384, 4647, 5446, 5050, 5070, 5409, 5147, 5428, 1523, 5113, 5517, 5217, 1767, 5085, 3543, 1940, 5018, 3637])
(15079.0, [5448, 5483, 5460, 5476, 5053, 2078, 1151, 4992, 5074, 4758, 5284, 177, 2993, 4647, 5384, 4981, 5050, 5070, 5409, 4480, 5147, 5428, 1523, 5113, 3566, 5517, 5217, 1767, 5085, 1940, 5018, 3637])
(15034.0, [5448, 5483, 5460, 2078, 177, 5053, 5074, 1151, 4992, 4758, 2997, 5284, 5384, 5050, 5409, 5070, 5147, 4978, 5428, 66, 3566, 5517, 5217, 1767, 5085, 3543, 1940, 5018, 5109, 3637, 2874])
(14931.0, [5448, 5483, 5460, 5503, 5284, 2997, 4758, 5074, 1151, 4992, 177, 5053, 5519, 5384, 5050, 5409, 5070, 5147, 4978, 5428, 66, 3566, 3653, 5217, 5085, 3543, 1940, 5018, 5109, 3637, 2874])
(14785.0, [5448, 5475, 5483, 5503, 5284, 4992, 177, 5074, 4758, 1151, 2997, 5053, 5519, 5384, 5050, 5409, 5070, 5147, 4978, 5428, 66, 3566, 3653, 5217, 5085, 3543, 2645, 1940, 5018, 5109, 3637])
(14784.0, [5448, 5475, 5483, 5503, 1151, 177, 4758, 4992, 5074, 5053, 2997, 5284, 5519, 5384, 5050, 5070, 5409, 5147, 4978, 5428, 66, 3571, 3653, 5217, 5085, 3543, 2645, 1940, 5109, 5018, 2032])
(14771.0, [5448, 5475, 5483, 5503, 4992, 5053, 5074, 2997, 177, 1151, 5284, 5368, 5519, 5384, 5050, 5070, 5409, 5147, 4978, 5428, 66, 3571, 3653, 4039, 5085, 3543, 2645, 1940, 5018, 5109, 2032])
(14641.0, [5448, 5459, 5475, 5503, 1151, 4992, 5053, 2997, 5074, 5284, 177, 5368, 5519, 5384, 5484, 5050, 5409, 5070, 5147, 4978, 5428, 66, 3571, 3653, 4039, 5085, 3543, 1940, 5018, 5109, 2032])
(14532.0, [5459, 5448, 5475, 5503, 1151, 177, 5284, 2997, 5074, 5368, 4992, 5053, 3542, 5249, 5384, 5484, 5050, 5409, 5070, 5147, 4978, 5428, 66, 3571, 3653, 4039, 5085, 1940, 5109, 5018, 2032])
(14460.0, [5448, 5459, 5475, 5503, 4992, 3542, 5284, 177, 5074, 5368, 1151, 2997, 4038, 5053, 5249, 5384, 5484, 5050, 5070, 5409, 5147, 4978, 5428, 66, 3571, 3653, 5085, 1940, 5109, 5018, 2032])
(14431.0, [5448, 5459, 5475, 5503, 5427, 4992, 5053, 4038, 5074, 1151, 177, 3542, 2997, 5249, 5384, 5362, 5271, 5484, 5050, 5409, 5070, 5147, 4978, 66, 3571, 3653, 5085, 1940, 5018, 5109, 2032])
(14365.0, [5426, 5448, 5459, 5475, 5503, 4992, 3542, 4038, 177, 2997, 5053, 2783, 5074, 5249, 5384, 5362, 5271, 5484, 5050, 5409, 5070, 5147, 4978, 66, 3571, 3653, 5085, 1940, 5018, 5109, 2032])
(14347.0, [5426, 5459, 5481, 5475, 5503, 5449, 3542, 2997, 4992, 5074, 4038, 2783, 5053, 5249, 5384, 5362, 5271, 5484, 5050, 5409, 5070, 5147, 4978, 66, 3571, 3653, 5085, 1940, 5109, 5018, 2032])
(14334.0, [5426, 5459, 5481, 5475, 5449, 5503, 4038, 3542, 2997, 5053, 2783, 4992, 5368, 5074, 5249, 5384, 5271, 5484, 5050, 5070, 5409, 5147, 4978, 66, 3571, 3653, 5085, 1940, 5018, 5109, 2032])
(14316.0, [5426, 5459, 5481, 5475, 5449, 5503, 5074, 3542, 2997, 2783, 4992, 5368, 5053, 5249, 5384, 5271, 5484, 5050, 5409, 5070, 5147, 4978, 2790, 773, 3583, 3571, 3653, 5085, 5109, 5018, 2032])
(14278.0, [5426, 5459, 5481, 5475, 5483, 5449, 5503, 3542, 2783, 4992, 5053, 5074, 164, 5249, 5384, 5362, 5271, 5050, 5409, 5070, 5147, 4978, 2790, 2407, 3583, 3571, 3653, 5085, 5018, 5109, 2032])
(14212.0, [5426, 5459, 5481, 5483, 5503, 5449, 5476, 3542, 164, 5053, 5074, 4992, 4015, 4525, 5249, 5384, 5362, 5050, 5409, 5070, 5147, 4978, 2790, 2057, 2407, 3583, 3571, 3653, 5085, 5109, 5018])
(14200.0, [5426, 5459, 5481, 5483, 5503, 5449, 5476, 4992, 4015, 4525, 5074, 164, 3542, 5053, 5249, 5384, 5362, 5050, 5070, 5409, 5147, 4978, 2790, 2057, 1973, 2407, 3571, 3653, 5085, 5018, 5109])
(14140.0, [5426, 5459, 5481, 5483, 5408, 5449, 5503, 5476, 164, 4992, 4015, 3542, 5074, 5053, 2196, 5249, 5384, 5362, 5050, 5070, 5147, 4978, 2790, 1973, 2057, 2407, 3571, 3653, 5085, 5018, 5109])
1
(14137.0, [5426, 5459, 5481, 5483, 5449, 5503, 5476, 4015, 5053, 3542, 2196, 164, 4992, 5074, 5249, 5384, 5362, 5050, 5070, 5147, 4978, 2790, 2057, 1973, 4564, 2407, 5113, 3571, 3653, 5085, 5018])
(14134.0, [5426, 5459, 5481, 5483, 5449, 5503, 5476, 5053, 3542, 4015, 5074, 2196, 164, 4992, 5253, 5384, 5362, 5050, 5070, 5147, 4978, 2790, 4514, 2057, 485, 2407, 5113, 3571, 3653, 5085, 5018])
2
(14122.0, [5426, 5459, 5481, 5483, 5503, 5449, 5476, 2196, 3542, 4992, 5053, 5253, 4015, 164, 5110, 5384, 5362, 5050, 5070, 5147, 4978, 2790, 4514, 2057, 5073, 485, 2407, 3571, 3653, 5085, 5018])
(14110.0, [5426, 5459, 5481, 5483, 5449, 5503, 5476, 4015, 5110, 3542, 5053, 4992, 5253, 2196, 5125, 164, 5362, 5050, 5070, 5147, 4978, 2790, 3605, 2057, 5073, 485, 2407, 3571, 3653, 5085, 5018])
(14062.0, [5426, 5459, 5481, 5483, 5503, 5449, 5476, 5125, 5053, 5253, 4015, 2196, 4992, 3542, 164, 3604, 5110, 5362, 5050, 5070, 5147, 4978, 2790, 2057, 5073, 485, 2407, 3571, 3653, 5085, 5018])
3
4
(14053.0, [5426, 5459, 5481, 5483, 5449, 5503, 5476, 3604, 3542, 5125, 5053, 4015, 5110, 164, 3562, 4992, 5249, 5362, 5050, 5070, 5147, 4978, 2790, 2057, 5073, 2204, 485, 2407, 3653, 5085, 5018])
(14047.0, [5426, 5459, 5481, 5483, 5503, 5449, 5476, 5125, 4992, 3604, 3542, 3562, 5053, 164, 5110, 3660, 5249, 5362, 5050, 5070, 5147, 4978, 2790, 2057, 5073, 2204, 485, 2407, 2776, 5085, 5018])
Custo: 14047.0
Colunas: [165, 486, 2058, 2205, 2408, 2777, 2791, 3543, 3563, 3605, 3661, 4979, 4993, 5019, 5051, 5054, 5071, 5074, 5086, 5111, 5126, 5148, 5250, 5363, 5427, 5450, 5460, 5477, 5482, 5484, 5504]
