(11144.0, [0, 6, 41, 50, 308, 21, 333, 313, 258, 243, 208, 248, 526, 204, 200, 249, 252, 342, 250, 360, 121])
(11081.0, [0, 6, 41, 50, 308, 21, 399, 333, 313, 258, 243, 208, 248, 204, 200, 249, 252, 342, 250, 360, 121])
(11070.0, [0, 6, 50, 39, 398, 308, 21, 333, 313, 258, 243, 208, 248, 204, 200, 249, 252, 342, 360, 250, 121])
(9522.0, [0, 5, 34, 308, 344, 258, 74, 207, 315, 243, 429, 456, 248, 249, 252, 342, 360, 121])
(9475.0, [0, 5, 34, 344, 303, 474, 258, 74, 207, 315, 243, 429, 248, 249, 252, 342, 360, 121])
(8960.0, [0, 1, 34, 303, 344, 474, 74, 207, 315, 425, 243, 248, 249, 252, 342, 360, 121])
(8940.0, [0, 1, 34, 303, 344, 474, 74, 207, 315, 243, 429, 248, 249, 252, 342, 360, 152])
(8939.0, [0, 1, 36, 303, 474, 74, 329, 207, 315, 243, 429, 248, 249, 252, 342, 360, 152])
(8909.0, [0, 1, 36, 303, 474, 74, 329, 207, 315, 243, 429, 246, 248, 249, 252, 360, 152])
(8894.0, [0, 1, 36, 303, 474, 74, 329, 319, 207, 243, 429, 246, 248, 249, 252, 360, 152])
(8887.0, [0, 1, 36, 474, 303, 74, 329, 319, 207, 243, 429, 247, 248, 249, 252, 152, 360])
(8877.0, [0, 1, 36, 474, 303, 74, 329, 319, 428, 207, 243, 246, 248, 249, 252, 360, 152])
(8870.0, [0, 1, 36, 303, 474, 74, 329, 319, 428, 207, 243, 247, 248, 249, 252, 360, 152])
(8846.0, [0, 1, 36, 303, 474, 74, 329, 319, 428, 207, 353, 243, 248, 245, 249, 360, 152])
(8823.0, [0, 1, 36, 302, 474, 74, 329, 319, 428, 207, 353, 243, 248, 245, 249, 152, 360])
(8815.0, [0, 1, 36, 302, 474, 349, 75, 329, 428, 207, 353, 243, 248, 245, 249, 360, 152])
(8805.0, [0, 1, 36, 302, 474, 349, 74, 329, 428, 207, 353, 243, 248, 245, 249, 360, 152])
(8801.0, [0, 1, 36, 302, 474, 314, 74, 329, 428, 207, 353, 243, 248, 245, 249, 360, 152])
(8761.0, [0, 1, 36, 302, 474, 314, 74, 329, 428, 207, 353, 243, 144, 248, 245, 249, 360])
(8756.0, [0, 6, 1, 302, 17, 344, 349, 481, 207, 356, 243, 144, 248, 245, 187, 249, 360])
(8679.0, [6, 0, 1, 2, 19, 302, 239, 329, 207, 425, 144, 246, 248, 187, 249, 240, 360])
(8390.0, [0, 2, 19, 239, 303, 74, 329, 207, 425, 144, 248, 187, 249, 328, 240, 360])
(8380.0, [0, 2, 19, 239, 303, 74, 329, 207, 144, 327, 426, 248, 187, 249, 240, 360])
(8358.0, [0, 2, 343, 239, 303, 74, 329, 207, 144, 327, 346, 426, 248, 187, 249, 240])
(8335.0, [0, 2, 343, 239, 303, 74, 329, 151, 207, 327, 346, 426, 248, 187, 249, 240])
(8309.0, [0, 2, 343, 239, 303, 74, 329, 151, 422, 207, 346, 327, 248, 187, 249, 240])
(8298.0, [0, 1, 343, 302, 239, 74, 329, 455, 151, 207, 346, 327, 248, 249, 240, 127])
(8294.0, [0, 1, 343, 302, 239, 74, 455, 329, 151, 207, 247, 346, 248, 249, 240, 127])
(8223.0, [0, 1, 343, 302, 239, 43, 74, 329, 455, 207, 120, 247, 346, 248, 249, 240])
(8198.0, [0, 1, 343, 302, 239, 43, 74, 329, 455, 151, 207, 322, 346, 248, 249, 240])
(8195.0, [0, 1, 343, 302, 239, 43, 74, 334, 151, 487, 207, 322, 346, 248, 249, 240])
(8194.0, [0, 1, 343, 302, 239, 125, 74, 334, 323, 487, 207, 322, 248, 249, 149, 251])
(8164.0, [0, 1, 343, 302, 125, 239, 74, 334, 323, 487, 207, 322, 144, 248, 249, 251])
(8152.0, [0, 1, 302, 331, 239, 125, 344, 74, 323, 487, 207, 322, 144, 248, 249, 251])
(8143.0, [0, 1, 302, 331, 239, 125, 344, 74, 455, 323, 207, 322, 144, 248, 249, 251])
Custo: 8143.0
Colunas: [1, 2, 75, 126, 145, 208, 240, 249, 250, 252, 303, 323, 324, 332, 345, 456]
